site_1,site_2,site_3,glu1,gal1,gc1,grl1,glu2,gal2,gc2,grl2
AAA,AAT,TTC,5.0,,,4.0,3.0,,,
AAC,AAG,TTC,,,,,,,3.0,
AAC,AAT,ATC,,,,2.0,2.0,,,
AAC,AAT,TTC,44.0,33.0,32.0,37.0,23.0,24.0,28.0,47.0
AAC,ATG,TTC,,,,,,2.0,,
AAC,GAG,TTC,,,,,,,2.0,
AAC,GTT,TTC,,,,,2.0,,,
AAG,AAG,TTC,2.0,,3.0,,,,2.0,
AAG,AAT,ATC,,,,2.0,,,,
AAG,AAT,TCC,2.0,,,,,,,
AAG,AAT,TTA,2.0,,,,,,,
AAG,AAT,TTC,1545.0,752.0,687.0,2625.0,1017.0,768.0,865.0,2456.0
AAG,AAT,TTT,,,,3.0,,,,
AAG,AGT,TTC,,,2.0,3.0,,,,
AAG,ATT,TTC,,5.0,,3.0,,,,
AAG,CAT,TTC,,,,,,2.0,,
AAG,TAT,TTC,,,2.0,,,,,
AAT,AAG,TTC,,,,,,,2.0,
AAT,AAT,ATC,,,,2.0,,,,
AAT,AAT,TTC,631.0,6.0,8.0,584.0,815.0,113.0,127.0,765.0
AAT,TAT,TTC,,2.0,,,,,2.0,
ACA,AAG,TTC,,5.0,,,,,,
ACA,AAT,ATC,2.0,,,,,,,
ACA,AAT,TTA,,,,,,,,3.0
ACA,AAT,TTC,19.0,8.0,3.0,8.0,15.0,5.0,12.0,17.0
ACA,AGG,TTC,2.0,4.0,4.0,,,,2.0,
ACA,AGT,TTC,,,2.0,,,,,
ACA,ATT,TTC,,,,,,2.0,,
ACA,CGG,TTC,,,,,,2.0,3.0,
ACA,CTG,TTC,,,,,,2.0,,
ACA,CTT,TTC,,2.0,,,,,,
ACA,GAG,TTC,,,2.0,,,2.0,3.0,
ACA,GAT,TTC,,4.0,8.0,,,,4.0,
ACA,GGG,TTC,,4.0,5.0,,2.0,6.0,3.0,2.0
ACA,GGT,TTC,,2.0,,,,2.0,6.0,
ACA,TAG,TTC,,,4.0,,,2.0,,2.0
ACA,TAT,TTC,,,,,,2.0,3.0,
ACA,TGG,TTC,,2.0,4.0,2.0,,,2.0,
ACA,TGT,TTC,,2.0,,,,,,
ACA,TTG,TTC,,,2.0,,,2.0,3.0,
ACC,AAG,TTC,,16.0,6.0,,,5.0,7.0,2.0
ACC,AAT,ATC,6.0,2.0,2.0,4.0,7.0,,,5.0
ACC,AAT,TAC,3.0,3.0,2.0,2.0,5.0,,,4.0
ACC,AAT,TTA,2.0,,3.0,6.0,3.0,2.0,4.0,7.0
ACC,AAT,TTC,688.0,185.0,265.0,520.0,592.0,182.0,292.0,609.0
ACC,AAT,TTT,,,,,,2.0,,
ACC,AGG,TTC,2.0,2.0,3.0,,,,3.0,2.0
ACC,AGT,TTC,,,4.0,,,,2.0,2.0
ACC,ATG,TTC,,2.0,,,,,2.0,
ACC,ATT,TTC,2.0,,,4.0,3.0,4.0,2.0,2.0
ACC,CAT,TTC,2.0,2.0,5.0,,2.0,,,3.0
ACC,CCG,TTC,,,2.0,,,,5.0,
ACC,CGG,TTC,,,,,,,2.0,
ACC,CTG,TTC,,,,,,,2.0,
ACC,CTT,TTC,,2.0,,,,,,
ACC,GAG,TTC,,5.0,3.0,,,2.0,,
ACC,GAT,TTC,,2.0,5.0,,,3.0,7.0,3.0
ACC,GGG,TTC,,2.0,4.0,,,5.0,3.0,2.0
ACC,GGT,TTC,,7.0,9.0,,,5.0,6.0,
ACC,GTG,TTC,,,2.0,,,,2.0,
ACC,GTT,TTC,,,2.0,,,,,
ACC,TAG,TTC,,2.0,5.0,,,3.0,3.0,
ACC,TAT,TTC,,6.0,9.0,,,5.0,3.0,2.0
ACC,TGG,TTC,,4.0,2.0,,,,,
ACC,TGT,TTC,,4.0,3.0,,,,2.0,
ACC,TTG,TTC,,4.0,2.0,2.0,,,3.0,
ACC,TTT,TTC,,,4.0,,,,4.0,
ACG,AAG,TTC,2.0,2.0,3.0,,,7.0,6.0,4.0
ACG,AAT,TCC,3.0,,,,,,,
ACG,AAT,TTA,2.0,,,,2.0,,,4.0
ACG,AAT,TTC,1853.0,290.0,561.0,1594.0,1370.0,273.0,455.0,1706.0
ACG,ACG,TTC,,,2.0,,,,,
ACG,AGG,TTC,,2.0,,,3.0,2.0,3.0,3.0
ACG,AGT,TTC,,,3.0,3.0,,,,
ACG,ATG,TTC,,2.0,,,,4.0,2.0,2.0
ACG,ATT,TTC,,,,,,,,4.0
ACG,CAG,TTC,,,,,,,2.0,
ACG,CAT,TTC,,2.0,,,,,2.0,
ACG,CCG,TTC,,,2.0,,,,,
ACG,CCT,TTC,,,2.0,,,,,
ACG,CGG,TTC,,,6.0,3.0,,2.0,,
ACG,CGT,TTC,,2.0,,,,,,
ACG,CTG,TTC,,,,,,2.0,2.0,
ACG,CTT,TTC,,3.0,,,,,,
ACG,GAG,TTC,,3.0,4.0,,,4.0,,2.0
ACG,GAT,TTC,,4.0,2.0,,2.0,4.0,3.0,2.0
ACG,GCT,TTC,,,,2.0,,,,
ACG,GGG,TTC,2.0,5.0,6.0,,2.0,7.0,5.0,
ACG,GGT,TTC,,5.0,2.0,,,7.0,5.0,
ACG,GTG,TTC,,,,,,,2.0,3.0
ACG,TAG,TTC,,2.0,6.0,,,3.0,2.0,
ACG,TAT,TTC,,7.0,5.0,,,4.0,2.0,
ACG,TGG,TTC,,4.0,4.0,,,,2.0,
ACG,TGT,TTC,2.0,,,,,,4.0,
ACG,TTG,TTC,,5.0,,,,,2.0,
ACG,TTT,TTC,,2.0,,,,,,
ACT,AAG,TTC,,,5.0,,2.0,2.0,4.0,
ACT,AAT,TTA,,,,,3.0,,,
ACT,AAT,TTC,585.0,151.0,424.0,886.0,1060.0,430.0,515.0,1268.0
ACT,AGT,TTC,,,,3.0,,,3.0,
ACT,ATG,TTC,,,,,,3.0,,
ACT,ATT,TTC,4.0,,,,,,,
ACT,CAG,TTC,,,,,,,2.0,
ACT,CAT,TTC,,,,,,3.0,,
ACT,CGG,TTC,,,2.0,,,,,
ACT,CGT,TTC,,2.0,,,,,,
ACT,CTG,TTC,,2.0,,,,2.0,2.0,
ACT,CTT,TTC,,2.0,,,,,,
ACT,GAG,TTC,,4.0,,,,,,
ACT,GAT,TTC,,2.0,2.0,,,,3.0,
ACT,GGG,TTC,,,3.0,,,3.0,2.0,
ACT,GGT,TTC,,2.0,6.0,,,5.0,5.0,
ACT,GTG,TTC,,,,,,,2.0,
ACT,TAG,TTC,,,,,,2.0,3.0,
ACT,TAT,TTC,,,2.0,,,,2.0,
ACT,TCG,TTC,,,,,,,2.0,3.0
ACT,TCT,TTC,2.0,,,,,,,
ACT,TGG,TTC,,3.0,3.0,,,,,
ACT,TGT,TTC,,2.0,2.0,,,,2.0,
ACT,TTG,TTC,,3.0,2.0,,,,,
ACT,TTT,TTC,,2.0,2.0,,,,,
AGA,AAT,TTC,3.0,,,2.0,3.0,,,5.0
AGC,AAT,TTC,19.0,2.0,12.0,6.0,8.0,9.0,8.0,17.0
AGG,AAT,ATC,,,,2.0,,,,
AGG,AAT,CTC,2.0,,,,,,,
AGG,AAT,GTC,2.0,,,,,,,
AGG,AAT,TAC,,,,,,,3.0,
AGG,AAT,TTA,,,,,,,,3.0
AGG,AAT,TTC,1976.0,800.0,3248.0,2683.0,838.0,1097.0,1802.0,2989.0
AGG,AAT,TTT,,,,2.0,,,,
AGG,ATT,TTC,3.0,2.0,2.0,,,,,
AGT,AAT,TTA,,,,,,,,2.0
AGT,AAT,TTC,1465.0,286.0,1184.0,1538.0,583.0,469.0,905.0,2089.0
AGT,ATT,TTC,,,,2.0,,,,
ATC,AAT,TTC,8.0,,,,3.0,,,3.0
ATG,AAT,TCC,3.0,,,,,,,
ATG,AAT,TTC,2442.0,109.0,379.0,806.0,685.0,10.0,72.0,592.0
ATG,ATT,TTC,2.0,,,,,,,
ATG,GAT,TTC,2.0,,,,,,,
ATT,AAT,TTC,1947.0,15.0,343.0,1093.0,72.0,279.0,318.0,1164.0
CAA,AAG,TTC,,5.0,8.0,,,12.0,8.0,5.0
CAA,AAT,TTA,,,,,2.0,,,2.0
CAA,AAT,TTC,35.0,11.0,22.0,27.0,21.0,13.0,24.0,36.0
CAA,AGG,TTC,,,2.0,,,,,
CAA,AGT,TTC,,,2.0,,,2.0,,3.0
CAA,ATG,TTC,,2.0,,,,,3.0,
CAA,CAT,TTC,2.0,7.0,5.0,,,3.0,4.0,
CAA,CCG,TTC,,2.0,2.0,,,,,
CAA,CCT,TTC,,,,,,,,2.0
CAA,CGG,TTC,,3.0,2.0,,,,,
CAA,CGT,TTC,,,,,3.0,,,
CAA,CTG,TTC,,2.0,5.0,,,,,
CAA,CTT,TTC,,3.0,5.0,,,2.0,,2.0
CAA,GAG,TTC,,7.0,7.0,2.0,,9.0,6.0,
CAA,GAT,TTC,,3.0,9.0,2.0,,5.0,6.0,
CAA,GGG,TTC,,6.0,16.0,4.0,,10.0,11.0,4.0
CAA,GGT,TTC,,9.0,2.0,,,4.0,7.0,7.0
CAA,GTG,TTC,,2.0,,,,,,
CAA,GTT,TTC,,,3.0,,,2.0,,
CAA,TAG,TTC,,,2.0,,,,8.0,3.0
CAA,TAT,TTC,2.0,4.0,11.0,,,8.0,7.0,3.0
CAA,TCG,TTC,3.0,,,,,,,
CAA,TCT,TTC,,,2.0,,,,,
CAA,TGG,TTC,,6.0,,,,7.0,2.0,2.0
CAA,TGT,TTC,,,,,,,2.0,3.0
CAA,TTG,TTC,,3.0,4.0,2.0,2.0,,,
CAA,TTT,TTC,2.0,,,,,6.0,,
CAC,AAG,TTC,,11.0,18.0,,,7.0,9.0,3.0
CAC,AAT,ATA,,,2.0,,,,,
CAC,AAT,ATC,3.0,2.0,,3.0,,,,4.0
CAC,AAT,TAC,2.0,,,,,,,
CAC,AAT,TTA,12.0,6.0,2.0,12.0,8.0,4.0,9.0,12.0
CAC,AAT,TTC,651.0,232.0,268.0,431.0,450.0,207.0,280.0,583.0
CAC,AAT,TTT,2.0,,,,,,,
CAC,AGG,TTC,,3.0,3.0,,,,3.0,
CAC,AGT,TTC,,2.0,3.0,2.0,2.0,,2.0,4.0
CAC,ATG,TTC,,,3.0,,,,3.0,
CAC,ATT,TTC,,,3.0,,,,4.0,5.0
CAC,CAT,TTC,,3.0,2.0,2.0,,3.0,,
CAC,CCG,TTC,,2.0,,,,2.0,,
CAC,CCT,TTC,,,,,,3.0,,2.0
CAC,CGT,TTC,,,,,,2.0,,
CAC,CTT,TTC,,2.0,,,,,,
CAC,GAG,TTC,,6.0,7.0,3.0,,6.0,2.0,2.0
CAC,GAT,TTC,,6.0,12.0,3.0,,5.0,8.0,4.0
CAC,GGG,TTC,,6.0,5.0,,2.0,7.0,10.0,2.0
CAC,GGT,TTC,,8.0,7.0,,,7.0,5.0,2.0
CAC,GTG,TTC,,,2.0,,,,,
CAC,TAG,TTC,,,2.0,,,3.0,2.0,
CAC,TAT,TTC,,4.0,5.0,,,6.0,6.0,2.0
CAC,TCT,TTC,,,,2.0,,,,
CAC,TGG,TTC,,4.0,2.0,,,2.0,,
CAC,TGT,TTC,,,,3.0,,2.0,3.0,3.0
CAC,TTG,TTC,,3.0,,,,2.0,,
CAC,TTT,TTC,,,3.0,,,,2.0,
CAG,AAG,TTC,,10.0,10.0,2.0,,8.0,15.0,8.0
CAG,AAT,ATC,2.0,,4.0,,,2.0,,
CAG,AAT,CTC,,2.0,,,,,,
CAG,AAT,TAC,,2.0,3.0,,,,,4.0
CAG,AAT,TCC,,,,,,,,4.0
CAG,AAT,TTA,,5.0,7.0,3.0,2.0,2.0,2.0,6.0
CAG,AAT,TTC,2116.0,2671.0,7558.0,4723.0,2542.0,1852.0,3337.0,6602.0
CAG,AAT,TTT,,,3.0,,,,,
CAG,ACG,TTC,,,2.0,3.0,,,2.0,3.0
CAG,ACT,TTC,3.0,,,2.0,,,,
CAG,AGG,TTC,2.0,5.0,4.0,5.0,7.0,2.0,6.0,8.0
CAG,AGT,TTC,4.0,2.0,9.0,9.0,2.0,2.0,7.0,8.0
CAG,ATG,TTC,,10.0,9.0,2.0,2.0,5.0,5.0,
CAG,ATT,TTC,2.0,,10.0,3.0,,,3.0,3.0
CAG,CAG,TTC,,,3.0,,,3.0,2.0,
CAG,CAT,TTC,3.0,4.0,7.0,2.0,2.0,4.0,7.0,
CAG,CCG,TTC,,2.0,5.0,,,,,
CAG,CCT,TTC,,2.0,2.0,,2.0,2.0,,
CAG,CGG,TTC,,3.0,7.0,,,3.0,4.0,5.0
CAG,CGT,TTC,3.0,2.0,3.0,,,,3.0,3.0
CAG,CTG,TTC,,3.0,11.0,2.0,,5.0,4.0,
CAG,CTT,TTC,,5.0,,2.0,,,2.0,
CAG,GAG,TTC,5.0,8.0,17.0,9.0,,12.0,23.0,14.0
CAG,GAT,TTC,4.0,32.0,15.0,7.0,,23.0,15.0,3.0
CAG,GCG,TTC,,,2.0,2.0,,,4.0,2.0
CAG,GCT,TTC,,,,2.0,,,2.0,3.0
CAG,GGG,TTC,4.0,15.0,10.0,6.0,4.0,9.0,18.0,2.0
CAG,GGT,TTC,4.0,17.0,12.0,,4.0,12.0,13.0,5.0
CAG,GTG,TTC,4.0,4.0,2.0,3.0,2.0,,2.0,10.0
CAG,GTT,TTC,2.0,3.0,5.0,5.0,,4.0,4.0,11.0
CAG,TAG,TTC,,8.0,9.0,3.0,6.0,4.0,11.0,6.0
CAG,TAT,TTC,2.0,10.0,13.0,2.0,2.0,9.0,10.0,12.0
CAG,TCG,TTC,,2.0,2.0,5.0,2.0,,,5.0
CAG,TCT,TTC,,2.0,4.0,2.0,,,,
CAG,TGG,TTC,,12.0,4.0,,3.0,6.0,11.0,6.0
CAG,TGT,TTC,2.0,5.0,6.0,,,6.0,9.0,6.0
CAG,TTG,TTC,,11.0,,,3.0,3.0,5.0,4.0
CAG,TTT,TTC,,4.0,8.0,4.0,3.0,5.0,7.0,3.0
CAT,AAG,TTC,,5.0,6.0,,,4.0,7.0,4.0
CAT,AAT,CTC,2.0,,,,,,,
CAT,AAT,TCC,,,,,,,,2.0
CAT,AAT,TTA,2.0,,,,5.0,,,3.0
CAT,AAT,TTC,2243.0,168.0,622.0,1979.0,1741.0,268.0,583.0,2711.0
CAT,ACG,TTC,,,2.0,,,,,
CAT,ACT,TTC,2.0,,,,,,,
CAT,AGG,TTC,,,7.0,4.0,,,3.0,2.0
CAT,AGT,TTC,,,4.0,,,,3.0,2.0
CAT,ATG,TTC,,,,,,,2.0,
CAT,ATT,TTC,,2.0,3.0,,,,,
CAT,CAG,TTC,,,2.0,,,,,
CAT,CAT,TTC,,,2.0,,,,,
CAT,CCG,TTC,,,2.0,,,2.0,,
CAT,CGG,TTC,,2.0,2.0,,,,,
CAT,CGT,TTC,,2.0,,,,,,
CAT,CTG,TTC,,,2.0,,,,,
CAT,CTT,TTC,,2.0,,,,,,
CAT,GAG,TTC,2.0,3.0,,2.0,2.0,2.0,3.0,2.0
CAT,GAT,TTC,,13.0,4.0,3.0,,6.0,6.0,8.0
CAT,GCG,TTC,,,,3.0,,,,
CAT,GGG,TTC,3.0,6.0,8.0,2.0,,6.0,6.0,2.0
CAT,GGT,TTC,,6.0,10.0,,2.0,9.0,6.0,3.0
CAT,GTG,TTC,,,3.0,,,,,
CAT,TAG,TTC,,2.0,,4.0,,4.0,,2.0
CAT,TAT,TTC,4.0,3.0,7.0,5.0,2.0,3.0,4.0,3.0
CAT,TCG,TTC,,2.0,,,,,,
CAT,TGG,TTC,,,3.0,,,5.0,3.0,
CAT,TGT,TTC,,2.0,3.0,,,2.0,,2.0
CAT,TTG,TTC,,4.0,4.0,,,,5.0,
CAT,TTT,TTC,,2.0,2.0,,,3.0,2.0,
CCA,AAG,ATC,,,,,,3.0,3.0,
CCA,AAG,CTC,,2.0,,,,,,
CCA,AAG,TAC,,2.0,4.0,,2.0,4.0,,
CCA,AAG,TCC,,,2.0,,,,,
CCA,AAG,TTA,,3.0,,2.0,2.0,2.0,3.0,
CCA,AAG,TTC,324.0,6197.0,5442.0,440.0,1064.0,5763.0,3696.0,1494.0
CCA,AAT,ATC,2.0,,2.0,4.0,6.0,,2.0,7.0
CCA,AAT,CTC,,,2.0,,,,,
CCA,AAT,TAA,2.0,,,,,,,
CCA,AAT,TAC,26.0,4.0,3.0,12.0,12.0,5.0,12.0,17.0
CCA,AAT,TTA,31.0,16.0,14.0,20.0,25.0,6.0,14.0,22.0
CCA,AAT,TTC,4825.0,1057.0,1375.0,4504.0,4412.0,1602.0,2219.0,6169.0
CCA,AAT,TTT,3.0,,,2.0,2.0,,,6.0
CCA,ACG,TAC,2.0,,,,,,,
CCA,ACG,TTC,967.0,152.0,439.0,483.0,197.0,212.0,433.0,959.0
CCA,ACT,TTC,209.0,180.0,138.0,168.0,305.0,7.0,323.0,351.0
CCA,AGG,ATC,,2.0,,,,,,
CCA,AGG,TTA,,2.0,,,,,2.0,
CCA,AGG,TTC,867.0,2452.0,2627.0,798.0,1484.0,1403.0,1876.0,630.0
CCA,AGG,TTT,,2.0,,,,,,
CCA,AGT,TTA,,,,,,2.0,4.0,
CCA,AGT,TTC,1108.0,835.0,2074.0,1700.0,366.0,273.0,1359.0,1670.0
CCA,ATG,TAC,,,,,2.0,2.0,,
CCA,ATG,TTA,,,,,,2.0,2.0,2.0
CCA,ATG,TTC,,1162.0,1162.0,377.0,1021.0,1331.0,2736.0,672.0
CCA,ATT,ATC,,,,,,,2.0,
CCA,ATT,TAC,5.0,2.0,2.0,,,,2.0,
CCA,ATT,TTA,,3.0,,,,3.0,2.0,
CCA,ATT,TTC,1143.0,552.0,1392.0,732.0,43.0,1091.0,752.0,1199.0
CCA,ATT,TTT,3.0,,,,,,,
CCA,CAG,TTA,,2.0,3.0,,,,,
CCA,CAG,TTC,12.0,1478.0,1623.0,341.0,179.0,616.0,1123.0,499.0
CCA,CAT,ATC,2.0,2.0,2.0,,,,,
CCA,CAT,CTC,,,,,,,2.0,
CCA,CAT,TAC,,2.0,,,,,,
CCA,CAT,TTA,,2.0,4.0,2.0,,4.0,7.0,2.0
CCA,CAT,TTC,579.0,3117.0,4085.0,445.0,963.0,3728.0,3624.0,791.0
CCA,CCG,ATC,,2.0,,,,,,
CCA,CCG,TTC,5.0,1239.0,1729.0,185.0,302.0,1588.0,605.0,428.0
CCA,CCT,ATC,,,,,,2.0,,
CCA,CCT,TAC,,,3.0,,,,,
CCA,CCT,TTA,,2.0,,,,2.0,,
CCA,CCT,TTC,5.0,896.0,1589.0,65.0,3.0,1483.0,2007.0,405.0
CCA,CGG,ATC,,,2.0,,,,,
CCA,CGG,CTC,,,,,,,,2.0
CCA,CGG,TCC,,,,,,2.0,,
CCA,CGG,TTA,,,,,,5.0,3.0,
CCA,CGG,TTC,386.0,528.0,978.0,418.0,,1666.0,1961.0,540.0
CCA,CGT,TTC,656.0,526.0,602.0,253.0,530.0,1083.0,1561.0,457.0
CCA,CTG,CTC,,,2.0,,,,,
CCA,CTG,TCC,,,,,,,2.0,
CCA,CTG,TTA,,,2.0,,,,,
CCA,CTG,TTC,2.0,3831.0,1987.0,196.0,410.0,1986.0,1094.0,744.0
CCA,CTT,ATC,,2.0,,,,,,
CCA,CTT,TCC,,,2.0,,,,,
CCA,CTT,TTA,,4.0,,,,3.0,,
CCA,CTT,TTC,372.0,3113.0,2035.0,221.0,275.0,2190.0,775.0,488.0
CCA,GAG,ATC,,2.0,,,,,,
CCA,GAG,CTC,,,,,,,2.0,
CCA,GAG,TAC,,2.0,,2.0,,2.0,4.0,2.0
CCA,GAG,TGC,,,,,,2.0,,
CCA,GAG,TTA,,2.0,,,,3.0,,
CCA,GAG,TTC,455.0,3153.0,2683.0,994.0,542.0,4939.0,4380.0,1404.0
CCA,GAT,ATC,,2.0,3.0,2.0,,2.0,3.0,
CCA,GAT,CTC,,2.0,,,,,,
CCA,GAT,TAC,,3.0,4.0,,,,3.0,
CCA,GAT,TCC,,,2.0,,,,2.0,
CCA,GAT,TTA,,2.0,4.0,,3.0,2.0,4.0,3.0
CCA,GAT,TTC,597.0,4062.0,6892.0,1509.0,610.0,2685.0,4343.0,1912.0
CCA,GAT,TTG,,3.0,,,,,,
CCA,GCG,ATC,,,2.0,,,,,
CCA,GCG,TCC,,,2.0,,,,,
CCA,GCG,TTC,996.0,144.0,1336.0,351.0,604.0,147.0,379.0,595.0
CCA,GCT,TTC,362.0,115.0,160.0,506.0,326.0,304.0,302.0,392.0
CCA,GGG,ATC,,,5.0,,,2.0,,
CCA,GGG,CTC,,3.0,2.0,,,,3.0,2.0
CCA,GGG,TAC,,,2.0,,,2.0,3.0,
CCA,GGG,TCC,,,,,,,2.0,
CCA,GGG,TGC,,,2.0,,,2.0,,
CCA,GGG,TTA,,3.0,4.0,2.0,2.0,3.0,3.0,2.0
CCA,GGG,TTC,324.0,6702.0,8113.0,1108.0,696.0,5545.0,7094.0,2141.0
CCA,GGG,TTG,,,2.0,,,,,
CCA,GGG,TTT,,,,,,,4.0,
CCA,GGT,ATC,,,,,,,,3.0
CCA,GGT,TAC,,3.0,,,,,2.0,
CCA,GGT,TCC,,,,,,5.0,,
CCA,GGT,TTA,2.0,3.0,,,,,,2.0
CCA,GGT,TTC,999.0,6940.0,4302.0,644.0,447.0,4578.0,5015.0,2389.0
CCA,GGT,TTG,,,2.0,,,,,3.0
CCA,GTG,ATC,,,,,,,2.0,
CCA,GTG,TCC,,,,,,,2.0,
CCA,GTG,TTA,,3.0,2.0,,,,,
CCA,GTG,TTC,806.0,659.0,1539.0,524.0,582.0,1223.0,1180.0,1059.0
CCA,GTT,ATC,,,,,,,,2.0
CCA,GTT,TAC,,,,,2.0,,,
CCA,GTT,TTA,2.0,2.0,,,,,2.0,
CCA,GTT,TTC,880.0,437.0,1168.0,472.0,537.0,535.0,933.0,1244.0
CCA,GTT,TTT,2.0,,,,,,,
CCA,TAG,ATC,,,3.0,,,3.0,,
CCA,TAG,TAC,2.0,,,,,,2.0,
CCA,TAG,TTA,2.0,2.0,,,,2.0,3.0,
CCA,TAG,TTC,343.0,2024.0,3080.0,1134.0,667.0,4196.0,3211.0,1762.0
CCA,TAT,ATC,,4.0,2.0,,,,,
CCA,TAT,CTC,,2.0,2.0,,,,2.0,
CCA,TAT,TAC,,,3.0,,,,,2.0
CCA,TAT,TCC,,,2.0,,,,,
CCA,TAT,TTA,,4.0,2.0,,,3.0,4.0,2.0
CCA,TAT,TTC,504.0,4392.0,4516.0,1076.0,662.0,5159.0,4739.0,1297.0
CCA,TAT,TTT,,,,,,,3.0,
CCA,TCG,TTC,527.0,323.0,506.0,519.0,767.0,213.0,410.0,686.0
CCA,TCT,TTC,191.0,153.0,213.0,238.0,400.0,3.0,7.0,331.0
CCA,TGG,ATC,,,,,,2.0,,
CCA,TGG,CTC,,5.0,4.0,,,,,
CCA,TGG,TAC,,,4.0,,,,,
CCA,TGG,TGC,,,,,2.0,,,
CCA,TGG,TTA,,4.0,3.0,,,,3.0,
CCA,TGG,TTC,376.0,4637.0,3884.0,982.0,707.0,2969.0,2284.0,1700.0
CCA,TGT,ATC,2.0,,,,,,,
CCA,TGT,TTA,,,2.0,,,,,
CCA,TGT,TTC,912.0,979.0,2855.0,461.0,577.0,717.0,2080.0,1101.0
CCA,TGT,TTT,,,3.0,,,,,
CCA,TTG,ATC,,,3.0,,,,,
CCA,TTG,CTC,3.0,,,2.0,,,,
CCA,TTG,TCC,,,,,,,2.0,
CCA,TTG,TTA,,,3.0,,,,,
CCA,TTG,TTC,1034.0,2969.0,3501.0,433.0,885.0,2523.0,1595.0,698.0
CCA,TTG,TTG,,,2.0,,,,,
CCA,TTT,ATC,,3.0,,,,,,
CCA,TTT,TAC,,,2.0,,,2.0,,
CCA,TTT,TCC,,2.0,,,,,,
CCA,TTT,TTA,2.0,2.0,,,,2.0,,
CCA,TTT,TTC,1013.0,3188.0,2207.0,327.0,824.0,2346.0,1672.0,359.0
CCC,AAG,ATC,7.0,14.0,10.0,2.0,3.0,10.0,7.0,3.0
CCC,AAG,CTC,,8.0,5.0,,,9.0,3.0,4.0
CCC,AAG,TAC,,11.0,10.0,,2.0,17.0,9.0,4.0
CCC,AAG,TCC,,5.0,2.0,,,3.0,2.0,
CCC,AAG,TGC,,4.0,3.0,2.0,,2.0,3.0,
CCC,AAG,TTA,3.0,12.0,7.0,,,20.0,16.0,4.0
CCC,AAG,TTC,1335.0,23380.0,18682.0,2077.0,1778.0,18306.0,18380.0,3343.0
CCC,AAG,TTT,,3.0,4.0,2.0,,5.0,4.0,
CCC,AAN,TTC,4.0,,,,,,,
CCC,AAT,AAA,2.0,,,,,,,
CCC,AAT,AAC,10.0,4.0,,10.0,3.0,4.0,6.0,8.0
CCC,AAT,ATA,5.0,,2.0,3.0,7.0,,3.0,6.0
CCC,AAT,ATC,737.0,171.0,232.0,534.0,501.0,223.0,246.0,597.0
CCC,AAT,ATT,,,,,,77.0,,
CCC,AAT,CTC,439.0,64.0,107.0,197.0,231.0,68.0,107.0,287.0
CCC,AAT,GTC,29.0,7.0,10.0,24.0,21.0,9.0,9.0,19.0
CCC,AAT,NNC,2.0,,,,,,,
CCC,AAT,NTC,4.0,,2.0,3.0,,,,3.0
CCC,AAT,TAA,3.0,,,3.0,5.0,,3.0,3.0
CCC,AAT,TAC,743.0,160.0,203.0,433.0,486.0,190.0,273.0,603.0
CCC,AAT,TCC,452.0,68.0,116.0,306.0,255.0,55.0,96.0,309.0
CCC,AAT,TCT,,,,,100.0,,,
CCC,AAT,TGC,33.0,6.0,8.0,12.0,13.0,9.0,9.0,25.0
CCC,AAT,TNC,4.0,,,3.0,,3.0,2.0,
CCC,AAT,TTA,981.0,259.0,340.0,664.0,629.0,272.0,407.0,847.0
CCC,AAT,TTC,1682548.0,134335.0,209796.0,1112815.0,1176183.0,191120.0,337515.0,1336119.0
CCC,AAT,TTG,65.0,18.0,25.0,40.0,41.0,17.0,21.0,52.0
CCC,AAT,TTN,,,,2.0,,,,
CCC,AAT,TTT,1561.0,375.0,167.0,1004.0,551.0,279.0,280.0,1111.0
CCC,ACG,ATC,,,,,,,,2.0
CCC,ACG,TTC,398.0,584.0,792.0,1304.0,486.0,421.0,960.0,1533.0
CCC,ACG,TTT,,,,,2.0,,,
CCC,ACT,ATC,,,,2.0,,,,
CCC,ACT,TAC,,,,3.0,,,,
CCC,ACT,TCC,,,,2.0,,,,
CCC,ACT,TTA,,,,,2.0,,,
CCC,ACT,TTC,700.0,396.0,828.0,1127.0,758.0,305.0,1491.0,1692.0
CCC,ACT,TTT,,,,,,,,2.0
CCC,AGG,ATC,,,,,,,3.0,
CCC,AGG,CTC,,,,,,,3.0,
CCC,AGG,TAC,,,,,,2.0,,
CCC,AGG,TCC,,,2.0,,,,4.0,
CCC,AGG,TTA,,,2.0,,,4.0,7.0,2.0
CCC,AGG,TTC,825.0,3279.0,5938.0,878.0,1234.0,4179.0,7683.0,2320.0
CCC,AGT,ATC,,,,2.0,,,2.0,
CCC,AGT,TAC,3.0,2.0,2.0,,2.0,,2.0,2.0
CCC,AGT,TCC,,,,,,,,2.0
CCC,AGT,TTA,,,,4.0,,2.0,3.0,2.0
CCC,AGT,TTC,1719.0,1900.0,4628.0,2715.0,1682.0,1708.0,4022.0,6245.0
CCC,AGT,TTT,,,2.0,,,,,
CCC,ATG,ATC,,3.0,3.0,2.0,,,,
CCC,ATG,CTC,,2.0,,,,2.0,3.0,
CCC,ATG,TAC,,,3.0,,,,,
CCC,ATG,TCC,,,4.0,,,2.0,2.0,
CCC,ATG,TTA,,,5.0,,,2.0,5.0,
CCC,ATG,TTC,173.0,4757.0,5247.0,1405.0,637.0,3391.0,6159.0,1907.0
CCC,ATG,TTT,,,,,,,4.0,
CCC,ATT,ATC,2.0,2.0,2.0,3.0,,3.0,4.0,
CCC,ATT,CTC,,,,,,,2.0,
CCC,ATT,TAC,8.0,3.0,3.0,4.0,10.0,8.0,5.0,6.0
CCC,ATT,TTA,2.0,,3.0,2.0,3.0,3.0,,4.0
CCC,ATT,TTC,1842.0,1934.0,2763.0,1273.0,1520.0,1278.0,4201.0,2715.0
CCC,ATT,TTT,,,2.0,,,,,2.0
CCC,CAG,ATC,,2.0,3.0,,,4.0,,
CCC,CAG,TAC,,,2.0,,,,,
CCC,CAG,TCC,,,,,,2.0,,
CCC,CAG,TTA,,2.0,4.0,,,,3.0,
CCC,CAG,TTC,973.0,1719.0,3128.0,653.0,537.0,1206.0,2103.0,1166.0
CCC,CAT,ATC,,3.0,4.0,,,,5.0,5.0
CCC,CAT,CTC,,,2.0,,,3.0,,
CCC,CAT,GTC,,,,,,2.0,,
CCC,CAT,TAC,,,4.0,2.0,,4.0,,4.0
CCC,CAT,TCC,,2.0,2.0,,,2.0,,
CCC,CAT,TTA,,7.0,7.0,,,12.0,11.0,4.0
CCC,CAT,TTC,749.0,7862.0,8565.0,1592.0,686.0,7588.0,7399.0,2680.0
CCC,CAT,TTG,,,3.0,,,,,
CCC,CAT,TTT,,3.0,,,,,2.0,
CCC,CCG,ATC,,2.0,3.0,,,,5.0,
CCC,CCG,CTC,,3.0,,,,,,
CCC,CCG,TAC,,2.0,,,,2.0,,
CCC,CCG,TCC,,,2.0,,,,,
CCC,CCG,TTA,,5.0,,,,,3.0,
CCC,CCG,TTC,355.0,3681.0,4200.0,413.0,180.0,2299.0,3545.0,458.0
CCC,CCG,TTT,,,,,,3.0,2.0,
CCC,CCT,ATC,,2.0,,,,,2.0,
CCC,CCT,TTC,4.0,2314.0,1498.0,431.0,215.0,1396.0,1737.0,521.0
CCC,CGG,ATC,,,2.0,,,,,
CCC,CGG,CTC,,,,2.0,,,,
CCC,CGG,TAC,,2.0,,,,,,
CCC,CGG,TCC,,,2.0,,,,,
CCC,CGG,TTA,,2.0,2.0,,,,3.0,
CCC,CGG,TTC,6.0,2094.0,2742.0,881.0,3.0,1182.0,1840.0,1081.0
CCC,CGT,CTC,,,,,,,2.0,
CCC,CGT,TAC,,,,,,,2.0,
CCC,CGT,TCC,,,,2.0,,,,
CCC,CGT,TTA,,,2.0,,,3.0,,3.0
CCC,CGT,TTC,404.0,1421.0,1935.0,765.0,436.0,1065.0,1830.0,1198.0
CCC,CGT,TTT,,,,,,,,2.0
CCC,CTG,ATC,,3.0,,,,2.0,3.0,
CCC,CTG,TAC,,2.0,2.0,,,,2.0,
CCC,CTG,TTA,,3.0,2.0,,,3.0,2.0,3.0
CCC,CTG,TTC,246.0,2676.0,2644.0,522.0,483.0,1736.0,2853.0,1230.0
CCC,CTG,TTT,,,,,,2.0,,
CCC,CTT,ATC,,,,,,2.0,,
CCC,CTT,TAC,,2.0,,,,,,
CCC,CTT,TCC,,,,,,3.0,,
CCC,CTT,TTA,2.0,9.0,7.0,2.0,2.0,9.0,9.0,2.0
CCC,CTT,TTC,187.0,2562.0,1895.0,662.0,264.0,3157.0,2877.0,825.0
CCC,GAG,ATC,,2.0,,,,,5.0,3.0
CCC,GAG,CTC,,,,,,,,2.0
CCC,GAG,TAC,,4.0,,,,3.0,2.0,
CCC,GAG,TCC,,,,2.0,,3.0,2.0,
CCC,GAG,TTA,,8.0,5.0,6.0,,11.0,11.0,3.0
CCC,GAG,TTC,908.0,7411.0,5340.0,1932.0,552.0,7318.0,6924.0,3632.0
CCC,GAG,TTT,,3.0,2.0,,,3.0,,
CCC,GAT,ATC,,2.0,5.0,2.0,,,5.0,
CCC,GAT,CTC,,2.0,5.0,,,,,2.0
CCC,GAT,GTC,,2.0,,,,,,
CCC,GAT,TAC,,6.0,8.0,2.0,,5.0,7.0,2.0
CCC,GAT,TCC,2.0,7.0,2.0,,,2.0,3.0,
CCC,GAT,TGC,,,2.0,,,,,
CCC,GAT,TTA,,6.0,9.0,4.0,,5.0,7.0,5.0
CCC,GAT,TTC,2054.0,8148.0,11661.0,4380.0,1390.0,10273.0,13004.0,5005.0
CCC,GAT,TTT,2.0,2.0,,,,3.0,3.0,2.0
CCC,GCG,TCC,,,2.0,,,,,
CCC,GCG,TTA,,,,,,,2.0,
CCC,GCG,TTC,730.0,970.0,1756.0,820.0,412.0,531.0,1292.0,1306.0
CCC,GCT,ATC,,2.0,,,,,,
CCC,GCT,TTC,3.0,1410.0,832.0,532.0,552.0,535.0,1524.0,887.0
CCC,GCT,TTT,,,,,,2.0,,
CCC,GGG,ATC,2.0,,3.0,2.0,2.0,3.0,2.0,3.0
CCC,GGG,CTC,,3.0,5.0,,2.0,4.0,4.0,
CCC,GGG,TAC,,5.0,7.0,2.0,,,2.0,
CCC,GGG,TCC,2.0,2.0,7.0,,2.0,,3.0,
CCC,GGG,TGC,,2.0,,,,,,
CCC,GGG,TTA,,10.0,,,4.0,4.0,3.0,4.0
CCC,GGG,TTC,1759.0,11526.0,11979.0,1423.0,2869.0,12176.0,12832.0,4071.0
CCC,GGG,TTG,,,2.0,,,,,
CCC,GGG,TTT,,2.0,3.0,,,2.0,3.0,
CCC,GGT,ATC,,2.0,2.0,2.0,,4.0,2.0,
CCC,GGT,CTC,,3.0,,,,,3.0,
CCC,GGT,TAC,,3.0,5.0,,,,7.0,
CCC,GGT,TCC,,5.0,6.0,,,6.0,4.0,
CCC,GGT,TTA,,7.0,11.0,3.0,,7.0,5.0,4.0
CCC,GGT,TTC,1461.0,15530.0,14287.0,2562.0,1878.0,11949.0,13640.0,5161.0
CCC,GGT,TTT,,,3.0,,,2.0,5.0,
CCC,GTG,TAC,,,2.0,,,,2.0,
CCC,GTG,TTA,,3.0,,,,,2.0,2.0
CCC,GTG,TTC,1011.0,1477.0,1700.0,767.0,798.0,1688.0,2951.0,1288.0
CCC,GTG,TTG,,,,,,2.0,,
CCC,GTT,TAC,,,,,,,2.0,
CCC,GTT,TTA,3.0,2.0,3.0,,3.0,2.0,6.0,3.0
CCC,GTT,TTC,749.0,1114.0,1152.0,599.0,632.0,922.0,3016.0,1714.0
CCC,GTT,TTT,,,,,,,2.0,
CCC,TAG,ATC,,3.0,2.0,3.0,,2.0,,
CCC,TAG,CTC,2.0,3.0,4.0,,,,3.0,
CCC,TAG,TAC,2.0,5.0,7.0,2.0,,2.0,6.0,
CCC,TAG,TCC,,,2.0,2.0,,,,
CCC,TAG,TTA,,6.0,10.0,2.0,,5.0,7.0,3.0
CCC,TAG,TTC,2184.0,7938.0,10662.0,3071.0,666.0,3823.0,6975.0,3499.0
CCC,TAG,TTG,,,,,,,2.0,
CCC,TAG,TTT,,,5.0,,,,,
CCC,TAT,ATC,2.0,5.0,7.0,,,3.0,5.0,3.0
CCC,TAT,CTC,,,3.0,,,,,
CCC,TAT,TAC,2.0,,4.0,,,2.0,3.0,2.0
CCC,TAT,TCC,,9.0,3.0,,,,2.0,
CCC,TAT,TTA,3.0,15.0,13.0,4.0,3.0,8.0,7.0,4.0
CCC,TAT,TTC,2117.0,12843.0,10099.0,2845.0,2935.0,11047.0,8263.0,3879.0
CCC,TAT,TTG,2.0,,,,,,,2.0
CCC,TAT,TTT,,,2.0,3.0,,3.0,3.0,
CCC,TCG,TTC,10.0,696.0,1274.0,677.0,401.0,723.0,637.0,1647.0
CCC,TCG,TTT,,,,,,,,2.0
CCC,TCT,TCC,,2.0,,,,2.0,,
CCC,TCT,TTC,511.0,689.0,529.0,499.0,113.0,946.0,810.0,1344.0
CCC,TGG,ATC,,2.0,,,,,2.0,
CCC,TGG,TAC,,2.0,,,,2.0,,2.0
CCC,TGG,TCC,,,,,,,2.0,
CCC,TGG,TGC,,2.0,,,,,,
CCC,TGG,TTA,,5.0,3.0,,,6.0,,
CCC,TGG,TTC,1167.0,5869.0,5038.0,1660.0,556.0,5104.0,5109.0,2518.0
CCC,TGT,ATC,,,,,2.0,,3.0,
CCC,TGT,CTC,,,,,,,,2.0
CCC,TGT,TAC,3.0,3.0,,,,,3.0,
CCC,TGT,TCC,,,,,,,,2.0
CCC,TGT,TTA,,2.0,,,,,,
CCC,TGT,TTC,1422.0,1438.0,3198.0,1703.0,1171.0,2351.0,4595.0,3205.0
CCC,TTG,ATC,,4.0,3.0,,,,,
CCC,TTG,CTC,2.0,,,,,,,
CCC,TTG,TAC,,4.0,,,,3.0,,
CCC,TTG,TCC,,,,,,,2.0,
CCC,TTG,TTA,,9.0,2.0,2.0,,5.0,4.0,
CCC,TTG,TTC,1091.0,5249.0,4372.0,956.0,1181.0,4209.0,3448.0,1870.0
CCC,TTG,TTT,,2.0,,,,,2.0,
CCC,TTT,ATC,,,,,,3.0,2.0,
CCC,TTT,TAC,,,,,,3.0,,
CCC,TTT,TCC,,,2.0,,,,,
CCC,TTT,TTA,,9.0,,2.0,,3.0,4.0,2.0
CCC,TTT,TTC,496.0,3544.0,5583.0,952.0,1463.0,5091.0,3392.0,1926.0
CCC,TTT,TTT,,,,,,2.0,,
CCG,AAG,ATC,,2.0,3.0,,,,5.0,3.0
CCG,AAG,CTC,,,5.0,,,,2.0,
CCG,AAG,TAC,,,2.0,,,2.0,3.0,
CCG,AAG,TCC,,,,,,3.0,2.0,
CCG,AAG,TTA,,11.0,5.0,,,3.0,4.0,
CCG,AAG,TTC,462.0,6941.0,5188.0,1090.0,1601.0,5675.0,7844.0,1582.0
CCG,AAG,TTT,,,2.0,,,,,
CCG,AAT,ATC,4.0,,,2.0,,2.0,,3.0
CCG,AAT,CTC,2.0,,,,,,,2.0
CCG,AAT,TAC,3.0,,,3.0,,2.0,4.0,4.0
CCG,AAT,TTA,9.0,5.0,2.0,5.0,3.0,,,5.0
CCG,AAT,TTC,7545.0,1999.0,1842.0,6219.0,5336.0,2157.0,1992.0,6897.0
CCG,AAT,TTT,,,,,3.0,,2.0,
CCG,ACG,TTC,618.0,175.0,698.0,619.0,178.0,432.0,514.0,749.0
CCG,ACT,TTC,627.0,475.0,368.0,628.0,3.0,256.0,495.0,298.0
CCG,AGG,ATC,,2.0,2.0,,,,2.0,
CCG,AGG,TCC,,,,,,,,2.0
CCG,AGG,TTA,,,2.0,,2.0,,4.0,
CCG,AGG,TTC,747.0,2528.0,3137.0,1285.0,1995.0,1838.0,3258.0,2529.0
CCG,AGT,TTA,,,,3.0,,,,
CCG,AGT,TTC,747.0,876.0,1340.0,1639.0,278.0,1024.0,2053.0,1689.0
CCG,ATG,ATC,,2.0,3.0,,,,,
CCG,ATG,TAC,,2.0,,,,,2.0,
CCG,ATG,TCC,,,2.0,,,,,
CCG,ATG,TTA,,,,2.0,,3.0,,
CCG,ATG,TTC,938.0,3236.0,3615.0,771.0,603.0,2758.0,3235.0,1044.0
CCG,ATG,TTT,,,2.0,,,,,
CCG,ATT,TAC,,,,,,,,2.0
CCG,ATT,TTA,,,,,,,,2.0
CCG,ATT,TTC,648.0,592.0,498.0,180.0,222.0,405.0,1047.0,924.0
CCG,ATT,TTT,,2.0,,,,,,
CCG,CAG,TAC,,,,,,,4.0,
CCG,CAG,TTA,,,,,,,2.0,
CCG,CAG,TTC,133.0,1022.0,1623.0,442.0,610.0,1083.0,2798.0,1620.0
CCG,CAT,ATC,,,2.0,,,2.0,3.0,
CCG,CAT,TAC,,,,,,,2.0,
CCG,CAT,TTA,,,,2.0,,2.0,6.0,
CCG,CAT,TTC,615.0,2356.0,3686.0,806.0,405.0,4303.0,6368.0,743.0
CCG,CCG,ATC,,2.0,,,,,2.0,
CCG,CCG,CTC,,,2.0,,,,,
CCG,CCG,TAC,,2.0,2.0,,,,,
CCG,CCG,TCC,,2.0,,,,,,
CCG,CCG,TTA,,2.0,4.0,,,,3.0,
CCG,CCG,TTC,199.0,2651.0,2838.0,411.0,218.0,1418.0,2056.0,325.0
CCG,CCT,ATC,,,2.0,,,,,
CCG,CCT,TAC,,3.0,,,,,,
CCG,CCT,TTA,,2.0,,,,,3.0,
CCG,CCT,TTC,,2050.0,1693.0,435.0,591.0,1363.0,1797.0,364.0
CCG,CGG,ATC,,2.0,2.0,,,,,
CCG,CGG,CTC,,,2.0,,,,,
CCG,CGG,TAC,,2.0,3.0,,,,,2.0
CCG,CGG,TCC,,,,,,,,2.0
CCG,CGG,TTA,,,3.0,,,2.0,2.0,2.0
CCG,CGG,TTC,862.0,2735.0,4107.0,700.0,788.0,1840.0,2210.0,2053.0
CCG,CGT,ATC,,,2.0,,,2.0,,
CCG,CGT,CTC,,,4.0,,,,,
CCG,CGT,TAC,,2.0,,,,,,
CCG,CGT,TCC,,2.0,,,,,,
CCG,CGT,TTC,698.0,2190.0,2484.0,313.0,652.0,997.0,1280.0,845.0
CCG,CTG,ATC,,,,,,,2.0,
CCG,CTG,CTC,,,4.0,,,,,
CCG,CTG,TAC,,2.0,,,,,,
CCG,CTG,TCC,,,2.0,,,,,
CCG,CTG,TTA,,2.0,4.0,,,2.0,7.0,
CCG,CTG,TTC,314.0,2473.0,6173.0,761.0,180.0,3081.0,3455.0,1043.0
CCG,CTG,TTT,,,3.0,,,,2.0,
CCG,CTT,TAC,,,,,,2.0,,
CCG,CTT,TTA,,2.0,3.0,,,,5.0,2.0
CCG,CTT,TTC,222.0,2008.0,2705.0,394.0,175.0,1751.0,1683.0,523.0
CCG,GAG,ATC,,,2.0,,,,,
CCG,GAG,CTC,,,,,,2.0,,
CCG,GAG,TAC,,,,,,,4.0,2.0
CCG,GAG,TCC,,,2.0,,,3.0,,
CCG,GAG,TTA,2.0,4.0,8.0,,,5.0,5.0,3.0
CCG,GAG,TTC,1280.0,4748.0,7130.0,1396.0,281.0,5134.0,6636.0,3727.0
CCG,GAG,TTT,,,3.0,,,,,
CCG,GAT,ATC,,5.0,,,,,4.0,
CCG,GAT,CTC,,2.0,,,,,2.0,
CCG,GAT,TAC,,5.0,4.0,,,,3.0,4.0
CCG,GAT,TCC,,6.0,,,2.0,2.0,3.0,2.0
CCG,GAT,TTA,,6.0,3.0,3.0,,6.0,4.0,
CCG,GAT,TTC,851.0,10707.0,6018.0,2424.0,848.0,7814.0,7448.0,3801.0
CCG,GAT,TTT,,3.0,,,,,,
CCG,GCG,TCC,,,2.0,,,,,
CCG,GCG,TTC,726.0,892.0,1889.0,679.0,631.0,639.0,977.0,1075.0
CCG,GCT,TCC,2.0,,,,,,,
CCG,GCT,TTC,455.0,641.0,926.0,1034.0,316.0,402.0,473.0,1009.0
CCG,GGG,ATC,,2.0,,2.0,,2.0,,
CCG,GGG,CTC,,2.0,2.0,,,4.0,3.0,3.0
CCG,GGG,TAC,,7.0,3.0,,,4.0,,
CCG,GGG,TCC,,3.0,,,,3.0,2.0,
CCG,GGG,TTA,,6.0,4.0,2.0,,5.0,8.0,2.0
CCG,GGG,TTC,2232.0,10264.0,7784.0,2251.0,981.0,7381.0,8851.0,3690.0
CCG,GGG,TTT,,,,,,2.0,,
CCG,GGT,ATC,,2.0,,,,,3.0,
CCG,GGT,CTC,,,5.0,,,,2.0,
CCG,GGT,TAC,,6.0,3.0,,2.0,,,2.0
CCG,GGT,TCC,,2.0,,,,,,4.0
CCG,GGT,TTA,,4.0,4.0,,,3.0,6.0,
CCG,GGT,TTC,1182.0,7604.0,8449.0,983.0,2391.0,7259.0,8890.0,3444.0
CCG,GGT,TTG,,,,,,,2.0,
CCG,GGT,TTT,3.0,2.0,3.0,,,2.0,2.0,
CCG,GTG,ATC,,,,,,,,3.0
CCG,GTG,CTC,,2.0,,,,,2.0,
CCG,GTG,TAC,,,,,,,2.0,
CCG,GTG,TGC,,,,,,,,2.0
CCG,GTG,TTA,,2.0,3.0,,,,4.0,3.0
CCG,GTG,TTC,730.0,1035.0,1267.0,679.0,781.0,1135.0,2053.0,2349.0
CCG,GTT,TTA,,,,,,,,4.0
CCG,GTT,TTC,892.0,729.0,1590.0,764.0,558.0,933.0,1032.0,1606.0
CCG,TAG,ATC,,,2.0,,,,3.0,
CCG,TAG,CTC,,2.0,2.0,,,3.0,,
CCG,TAG,TTA,,6.0,4.0,3.0,,,5.0,
CCG,TAG,TTC,810.0,5273.0,5781.0,1236.0,1266.0,3093.0,5622.0,2058.0
CCG,TAT,ATC,,3.0,2.0,,,,3.0,2.0
CCG,TAT,CTC,,2.0,2.0,,,,,
CCG,TAT,TAC,,,3.0,,,2.0,4.0,
CCG,TAT,TCC,,,,,,4.0,,2.0
CCG,TAT,TTA,,3.0,2.0,2.0,,3.0,7.0,4.0
CCG,TAT,TTC,567.0,4910.0,6476.0,827.0,393.0,4738.0,4600.0,2122.0
CCG,TAT,TTT,,,3.0,,,,,
CCG,TCG,TCC,,,,,,,,2.0
CCG,TCG,TTA,,3.0,2.0,2.0,3.0,,2.0,
CCG,TCG,TTC,374.0,871.0,1121.0,993.0,584.0,498.0,961.0,1153.0
CCG,TCT,TTA,,,,2.0,,,,3.0
CCG,TCT,TTC,7.0,663.0,1657.0,554.0,645.0,862.0,304.0,721.0
CCG,TGG,ATC,,,,,,,2.0,
CCG,TGG,CTC,,,2.0,,,,2.0,
CCG,TGG,TAC,,,4.0,,,,,3.0
CCG,TGG,TCC,,,,,,3.0,2.0,
CCG,TGG,TTA,,4.0,2.0,,,2.0,4.0,2.0
CCG,TGG,TTC,170.0,4881.0,4340.0,1289.0,745.0,3474.0,5845.0,3013.0
CCG,TGG,TTT,,,,,,,3.0,
CCG,TGT,CTC,,,2.0,2.0,,,,
CCG,TGT,TAC,,2.0,,,,,,
CCG,TGT,TCC,,,2.0,,,,2.0,
CCG,TGT,TTA,,2.0,3.0,2.0,,,2.0,2.0
CCG,TGT,TTC,1321.0,1482.0,2728.0,1016.0,692.0,3824.0,2595.0,2159.0
CCG,TTG,ATC,,4.0,,,,,,
CCG,TTG,TAC,,2.0,,,,,2.0,
CCG,TTG,TCC,,6.0,,,,2.0,,
CCG,TTG,TTA,,,4.0,,,,4.0,
CCG,TTG,TTC,3.0,6300.0,2188.0,260.0,765.0,2296.0,3026.0,1046.0
CCG,TTG,TTT,,2.0,2.0,,,,,
CCG,TTT,ATC,,,4.0,,,,,
CCG,TTT,CTC,,,2.0,,,,,
CCG,TTT,TAC,,,3.0,,,,,
CCG,TTT,TTA,,8.0,9.0,,,4.0,5.0,2.0
CCG,TTT,TTC,104.0,2712.0,5138.0,1231.0,434.0,2472.0,2002.0,1219.0
CCG,TTT,TTT,,,4.0,,,,,
CCT,AAG,ATC,,5.0,2.0,,,,4.0,
CCT,AAG,CTC,,,2.0,,,,2.0,
CCT,AAG,TAC,,2.0,,,,,,
CCT,AAG,TTA,,4.0,6.0,,,2.0,6.0,
CCT,AAG,TTC,431.0,6594.0,5997.0,734.0,772.0,4522.0,6446.0,1227.0
CCT,AAG,TTT,,4.0,,,,,,
CCT,AAT,ATC,4.0,3.0,,,4.0,,2.0,
CCT,AAT,CTC,,,,,4.0,,,2.0
CCT,AAT,TCC,3.0,,,,,,,4.0
CCT,AAT,TTA,4.0,,2.0,4.0,4.0,,2.0,6.0
CCT,AAT,TTC,5900.0,1196.0,1109.0,4064.0,5133.0,1007.0,1763.0,5005.0
CCT,AAT,TTT,,,,,2.0,,,2.0
CCT,ACG,TTC,839.0,87.0,1008.0,191.0,306.0,364.0,720.0,444.0
CCT,ACT,TTC,228.0,9.0,197.0,256.0,157.0,163.0,442.0,659.0
CCT,AGG,ATC,,2.0,,,,,3.0,2.0
CCT,AGG,CTC,,,,,,,,2.0
CCT,AGG,TTA,,,,11.0,,,,2.0
CCT,AGG,TTC,235.0,2323.0,2764.0,1175.0,627.0,1154.0,2637.0,1350.0
CCT,AGT,TCC,,,2.0,,,,,
CCT,AGT,TTA,,,,,,,2.0,2.0
CCT,AGT,TTC,688.0,803.0,1830.0,1344.0,848.0,609.0,1750.0,1690.0
CCT,ATG,ATC,,,,,,,4.0,
CCT,ATG,CTC,,,,,,,3.0,
CCT,ATG,TAC,,,,,,,5.0,
CCT,ATG,TTC,612.0,1399.0,1268.0,615.0,328.0,2058.0,2348.0,1262.0
CCT,ATT,ATC,2.0,,,,,,,
CCT,ATT,TTA,3.0,,,,,,,2.0
CCT,ATT,TTC,1028.0,946.0,779.0,228.0,553.0,569.0,822.0,732.0
CCT,CAG,TTC,7.0,694.0,1080.0,399.0,2.0,439.0,553.0,644.0
CCT,CAT,ATC,,,2.0,,2.0,,2.0,
CCT,CAT,CTC,,,,,,,2.0,
CCT,CAT,TAC,,,,,,,2.0,
CCT,CAT,TTA,,,,,,2.0,,
CCT,CAT,TTC,2.0,3019.0,3617.0,534.0,196.0,2863.0,2834.0,786.0
CCT,CAT,TTT,,3.0,,,,,,
CCT,CCG,CTC,,,,,,3.0,,
CCT,CCG,TAC,,,2.0,,,,,
CCT,CCG,TTA,,,,,,,4.0,
CCT,CCG,TTC,745.0,885.0,1392.0,361.0,132.0,1972.0,2152.0,442.0
CCT,CCG,TTT,,,,,,,2.0,
CCT,CCT,CTC,,2.0,,,,,,
CCT,CCT,TAC,,4.0,,,,,2.0,
CCT,CCT,TCC,,,2.0,,,,,
CCT,CCT,TTC,2.0,1057.0,1139.0,71.0,174.0,645.0,1639.0,417.0
CCT,CGG,TTC,1377.0,926.0,2131.0,495.0,205.0,1532.0,1247.0,1090.0
CCT,CGT,ATC,,,,,,3.0,,
CCT,CGT,TAC,,,,,,,3.0,
CCT,CGT,TTC,4.0,1099.0,589.0,396.0,196.0,1358.0,1999.0,940.0
CCT,CTG,CTC,,,,,,,2.0,
CCT,CTG,TCC,,,,,,,2.0,2.0
CCT,CTG,TTA,,,2.0,,,2.0,,
CCT,CTG,TTC,5.0,1273.0,1866.0,80.0,839.0,2269.0,1728.0,694.0
CCT,CTT,TAC,,,,,,3.0,,
CCT,CTT,TTA,,,2.0,,,2.0,2.0,
CCT,CTT,TTC,5.0,1583.0,1431.0,88.0,192.0,1533.0,972.0,293.0
CCT,GAG,ATC,,,,,,3.0,,
CCT,GAG,CTC,,,2.0,,,,,
CCT,GAG,TAC,,2.0,,2.0,,2.0,,
CCT,GAG,TTA,2.0,4.0,3.0,,,,,
CCT,GAG,TTC,1217.0,5170.0,2697.0,1251.0,599.0,2415.0,2147.0,1833.0
CCT,GAG,TTG,,,,,,,,2.0
CCT,GAG,TTT,,2.0,,,,,,
CCT,GAT,ATC,,2.0,3.0,2.0,,2.0,,2.0
CCT,GAT,CTC,,3.0,2.0,,,,,2.0
CCT,GAT,TAC,2.0,4.0,8.0,,,6.0,4.0,3.0
CCT,GAT,TCC,,5.0,,,,,,
CCT,GAT,TTA,2.0,2.0,2.0,,2.0,2.0,5.0,3.0
CCT,GAT,TTC,1330.0,9952.0,6529.0,1603.0,1017.0,6897.0,6634.0,3915.0
CCT,GAT,TTG,,,2.0,,,,,
CCT,GAT,TTT,,,3.0,,,,2.0,2.0
CCT,GCG,TCC,,,2.0,,,,,
CCT,GCG,TTC,112.0,464.0,836.0,670.0,175.0,507.0,644.0,791.0
CCT,GCT,ATC,2.0,,,,,,,
CCT,GCT,TTC,185.0,237.0,902.0,358.0,2.0,95.0,502.0,599.0
CCT,GGG,ATC,,4.0,,,,2.0,2.0,
CCT,GGG,CTC,,,,,,5.0,3.0,2.0
CCT,GGG,TAC,,,4.0,,,4.0,2.0,
CCT,GGG,TCC,,3.0,2.0,,,3.0,4.0,
CCT,GGG,TTA,,2.0,,2.0,,6.0,6.0,2.0
CCT,GGG,TTC,1686.0,6528.0,5597.0,1571.0,1117.0,9069.0,7224.0,3137.0
CCT,GGG,TTT,,4.0,,,,,,
CCT,GGT,ATC,,,6.0,,,7.0,2.0,
CCT,GGT,CTC,,2.0,2.0,,,2.0,,
CCT,GGT,TAC,,2.0,4.0,,2.0,5.0,2.0,2.0
CCT,GGT,TCC,,,3.0,,,2.0,2.0,
CCT,GGT,TTA,,,2.0,,,4.0,4.0,
CCT,GGT,TTC,516.0,7630.0,8480.0,1508.0,746.0,7638.0,7896.0,2603.0
CCT,GTG,TAC,,,3.0,,,,,
CCT,GTG,TTC,348.0,837.0,1178.0,354.0,336.0,1100.0,1568.0,1038.0
CCT,GTT,ATC,,,,,,,,2.0
CCT,GTT,TTC,571.0,557.0,1054.0,229.0,1058.0,825.0,1964.0,1052.0
CCT,GTT,TTT,,,,,2.0,,,
CCT,TAG,ATC,,2.0,2.0,,,2.0,,
CCT,TAG,TAC,,,,,,3.0,3.0,
CCT,TAG,TCC,,,2.0,,,,,
CCT,TAG,TTA,,4.0,,2.0,2.0,3.0,4.0,2.0
CCT,TAG,TTC,380.0,2164.0,2102.0,1351.0,730.0,4240.0,2449.0,1595.0
CCT,TAG,TTT,,,,,2.0,2.0,,
CCT,TAT,ATC,,,4.0,,,2.0,,
CCT,TAT,TAC,,,2.0,,,,,
CCT,TAT,TCC,,,2.0,,3.0,,,
CCT,TAT,TTA,,,4.0,,,2.0,3.0,
CCT,TAT,TTC,1114.0,2446.0,3605.0,738.0,1459.0,3983.0,2415.0,1549.0
CCT,TCG,TTC,415.0,909.0,527.0,343.0,108.0,620.0,880.0,366.0
CCT,TCT,TTC,1093.0,393.0,641.0,926.0,,393.0,594.0,493.0
CCT,TGG,ATC,,3.0,2.0,,,2.0,,
CCT,TGG,CTC,,,2.0,,,,,
CCT,TGG,GTC,,2.0,,,,,,
CCT,TGG,TAC,,2.0,3.0,,,,,
CCT,TGG,TCC,,,,,,2.0,,
CCT,TGG,TTA,,2.0,,,,3.0,2.0,
CCT,TGG,TTC,673.0,4818.0,5982.0,981.0,215.0,4030.0,3820.0,1528.0
CCT,TGG,TTT,,,,,,,3.0,
CCT,TGT,ATC,,,,,,3.0,,
CCT,TGT,CTC,,,,,,2.0,,
CCT,TGT,TAC,,,,,,,3.0,
CCT,TGT,TTA,,,2.0,,,2.0,,
CCT,TGT,TTC,931.0,1187.0,1016.0,974.0,777.0,2549.0,1961.0,1876.0
CCT,TTG,ATC,,2.0,2.0,,,2.0,,
CCT,TTG,TAC,,,2.0,,,2.0,,
CCT,TTG,TTA,,5.0,4.0,,,,2.0,
CCT,TTG,TTC,1000.0,3232.0,3262.0,605.0,618.0,2159.0,2452.0,919.0
CCT,TTG,TTT,,,,,,,2.0,
CCT,TTT,TCC,,,3.0,,,,,
CCT,TTT,TTA,,2.0,2.0,,,2.0,3.0,
CCT,TTT,TTC,499.0,2053.0,1846.0,503.0,215.0,1375.0,1615.0,625.0
CGA,AAG,TTC,,,,,,2.0,,
CGA,AAT,TTC,11.0,4.0,8.0,9.0,3.0,5.0,6.0,19.0
CGA,CCG,TTC,,,2.0,,,,,
CGA,GAG,TTC,,2.0,,,,2.0,2.0,
CGA,GAT,TTC,,,,,,,2.0,
CGA,GGG,TTC,,,3.0,,,3.0,,2.0
CGA,TAG,TTC,,,3.0,,,,,
CGA,TAT,TTC,,2.0,,,,,2.0,
CGA,TGG,TTC,,,,,,2.0,,
CGC,AAG,TTC,3.0,,4.0,,,,2.0,
CGC,AAT,ATC,,,,,2.0,,,
CGC,AAT,TTC,170.0,35.0,65.0,109.0,109.0,47.0,75.0,180.0
CGC,AGG,TTC,,2.0,,,,,,
CGC,ATG,TTC,,2.0,,,,,,
CGC,ATT,TTC,,,,,,,,2.0
CGC,GAG,TTC,,2.0,,,,,,
CGC,GAT,TTC,,2.0,3.0,,,,,
CGC,GGG,TTC,,,2.0,,,,3.0,
CGC,GGT,TTC,,3.0,,,,,2.0,
CGC,TAG,TTC,,,2.0,,,,,
CGC,TAT,TTC,2.0,,,,,,2.0,
CGC,TGG,TTC,,3.0,,,,,,
CGG,AAG,TTC,,,,,2.0,,4.0,
CGG,AAT,ATC,,,2.0,2.0,,3.0,,
CGG,AAT,CTC,,,,,,,,4.0
CGG,AAT,TAC,,,,3.0,,,,4.0
CGG,AAT,TCC,2.0,,,3.0,3.0,,,2.0
CGG,AAT,TTA,,3.0,3.0,4.0,3.0,2.0,2.0,2.0
CGG,AAT,TTC,5602.0,2650.0,5049.0,7523.0,2616.0,2779.0,5150.0,7678.0
CGG,AAT,TTT,,,,,,,,4.0
CGG,AGT,TTC,3.0,,3.0,2.0,,,,
CGG,ATG,TTC,,,2.0,,,,,
CGG,ATT,TTC,3.0,5.0,5.0,7.0,3.0,2.0,3.0,11.0
CGG,CAT,TTC,,,2.0,,,,2.0,
CGG,CGT,TTC,,,2.0,2.0,,,,
CGG,GAT,TTC,2.0,,,3.0,,6.0,2.0,
CGG,GGG,TTC,,2.0,,,,3.0,,
CGG,GGT,TTC,,3.0,2.0,,,,,2.0
CGG,TAG,TTC,,,,,,2.0,,
CGG,TAT,TTC,3.0,2.0,4.0,,,2.0,,2.0
CGG,TGG,TTC,,,,,,,3.0,
CGG,TTT,TTC,,,2.0,,,,4.0,
CGT,AAG,TTC,,2.0,2.0,,,,3.0,
CGT,AAT,ATC,,2.0,3.0,3.0,,,5.0,4.0
CGT,AAT,CTC,,,,,2.0,,,
CGT,AAT,TAC,,,2.0,4.0,,,,4.0
CGT,AAT,TCC,,,2.0,2.0,,,,
CGT,AAT,TTA,2.0,2.0,3.0,4.0,,4.0,2.0,3.0
CGT,AAT,TTC,2795.0,2584.0,10177.0,7535.0,2504.0,2110.0,5692.0,8302.0
CGT,AAT,TTT,,,4.0,2.0,,2.0,,
CGT,AGT,TTC,,,2.0,2.0,,,,3.0
CGT,ATT,TTC,3.0,,4.0,,,2.0,7.0,4.0
CGT,GAT,TTC,,5.0,,2.0,,,,
CGT,GGG,TTC,,2.0,,,,,2.0,
CGT,GGT,TTC,,,,,,,2.0,
CGT,TAG,TTC,,,,2.0,,,,
CGT,TAT,TTC,,2.0,3.0,,,,2.0,4.0
CGT,TCG,TTC,,2.0,,,,,,
CGT,TGG,TTC,,,,,,3.0,,
CTA,AAG,TTC,,,,,2.0,3.0,,
CTA,AAT,TTC,2.0,,,3.0,4.0,,,7.0
CTA,CAT,TTC,,3.0,,,,2.0,,
CTA,CGG,TTC,,,2.0,,,,,
CTA,GAG,TTC,,,,,,5.0,,
CTA,GAT,TTC,,,,,,,4.0,
CTA,GGG,TTC,,2.0,2.0,,,2.0,3.0,
CTA,GGT,TTC,,3.0,,,,,,
CTA,TAG,TTC,,,3.0,,,3.0,,
CTA,TAT,TTC,,3.0,3.0,,,,,
CTA,TGG,TTC,,2.0,,,,2.0,,
CTA,TTT,TTC,2.0,,,,,,,
CTC,AAG,TTC,4.0,2.0,9.0,,,3.0,4.0,
CTC,AAT,TTA,2.0,,,,,,,
CTC,AAT,TTC,484.0,119.0,152.0,374.0,343.0,140.0,226.0,455.0
CTC,AGG,TTC,,2.0,,,,2.0,,
CTC,AGT,TTC,,,,2.0,,,,4.0
CTC,ATG,TTC,,2.0,,,,,2.0,
CTC,CAT,TTC,,7.0,4.0,,,2.0,4.0,
CTC,CCG,TTC,,,2.0,,,,,
CTC,CGG,TTC,,2.0,,,,,,
CTC,CGT,TTC,,,,,,,2.0,
CTC,GAG,TTC,,3.0,3.0,,,5.0,2.0,
CTC,GAT,TTC,,,4.0,,,2.0,4.0,4.0
CTC,GGG,TTC,,4.0,,,,3.0,3.0,
CTC,GGT,TTC,,5.0,3.0,,,4.0,4.0,
CTC,GTG,TTC,,2.0,,,,,,2.0
CTC,GTT,TTC,,,,,,,3.0,
CTC,TAG,TTC,,,3.0,,,,,
CTC,TAT,TTC,,2.0,6.0,,,2.0,2.0,
CTC,TGG,TTC,,2.0,,,,,,
CTC,TGT,TTC,,,,,,,2.0,
CTC,TTG,TTC,,3.0,,,,,,
CTC,TTT,TTC,,2.0,,,,,,
CTG,AAG,TTC,,2.0,2.0,,2.0,3.0,3.0,
CTG,AAT,CTC,2.0,,,,,,,
CTG,AAT,TAC,,,,30.0,,,,
CTG,AAT,TTA,,,,,,,,3.0
CTG,AAT,TTC,2905.0,119.0,315.0,1975.0,1221.0,910.0,795.0,3074.0
CTG,AGG,TTC,,,,,,,2.0,
CTG,AGT,TTC,,,,,,2.0,2.0,
CTG,ATG,TTC,,,2.0,,,,2.0,
CTG,ATT,TTC,3.0,,,,,,,
CTG,CAG,TTC,,,,,,,2.0,
CTG,CAT,TTC,,,2.0,,,2.0,3.0,
CTG,CCG,TTC,,,2.0,,,,3.0,
CTG,CGG,TTC,,2.0,,,2.0,,,
CTG,CGT,TTC,,2.0,,,,,,
CTG,CTG,TTC,,,,,,2.0,2.0,
CTG,CTT,TTC,,,2.0,,,,,
CTG,GAG,TTC,2.0,,2.0,,,3.0,6.0,
CTG,GAT,TTC,,6.0,,2.0,,2.0,3.0,2.0
CTG,GCT,TTC,,,,,,2.0,,
CTG,GGG,TTC,,4.0,2.0,,,2.0,2.0,
CTG,GGT,TTC,,4.0,3.0,,,5.0,5.0,
CTG,GTG,TTC,2.0,,,,,,,2.0
CTG,TAG,TTC,,3.0,3.0,,,3.0,,
CTG,TAT,TTC,2.0,,4.0,,,,3.0,
CTG,TGG,TTC,,2.0,3.0,,,,4.0,
CTG,TGT,TTC,,,2.0,,,,,
CTG,TTG,TTC,,3.0,,,,2.0,,2.0
CTT,AAT,ATC,,,,3.0,,,,2.0
CTT,AAT,TAC,,,,2.0,,,,
CTT,AAT,TTA,3.0,,,2.0,,,2.0,
CTT,AAT,TTC,2078.0,205.0,382.0,1877.0,1422.0,362.0,763.0,2955.0
CTT,AGG,TTC,,,,,2.0,,,
CTT,ATT,TTC,2.0,,,,,,,
CTT,CGT,TTC,,,,,,2.0,,
CTT,GAG,TTC,,2.0,,,,,,
CTT,GAT,TTC,,,2.0,,,2.0,,
CTT,TAG,TTC,,,,,,3.0,,2.0
CTT,TAT,TTC,,,2.0,,2.0,,,2.0
CTT,TCT,TTC,,,,2.0,,,,
CTT,TTG,TTC,,,2.0,,,,,
GAA,AAG,TTC,,,,,,2.0,,
GAA,AAT,TTC,4.0,13.0,22.0,2.0,,11.0,6.0,7.0
GAC,AAT,TTA,,,2.0,,,,3.0,
GAC,AAT,TTC,10.0,39.0,39.0,21.0,8.0,20.0,52.0,15.0
GAC,TAT,TTC,,,2.0,,,2.0,,
GAG,AAG,TTC,,8.0,7.0,2.0,2.0,7.0,5.0,
GAG,AAT,ATC,,8.0,18.0,2.0,2.0,10.0,11.0,4.0
GAG,AAT,CTC,,4.0,9.0,3.0,,3.0,4.0,
GAG,AAT,TAC,,13.0,12.0,2.0,2.0,5.0,6.0,2.0
GAG,AAT,TCC,,4.0,10.0,2.0,,9.0,14.0,2.0
GAG,AAT,TGC,,3.0,3.0,,,,,
GAG,AAT,TTA,2.0,21.0,20.0,2.0,,20.0,15.0,8.0
GAG,AAT,TTC,1885.0,35797.0,36921.0,4934.0,3783.0,31089.0,26995.0,5561.0
GAG,AAT,TTG,,2.0,,,,,,
GAG,AAT,TTT,,5.0,12.0,,,2.0,8.0,
GAG,ACT,TTC,,,,,,,2.0,
GAG,AGT,TTC,,4.0,6.0,,,5.0,4.0,
GAG,ATT,TTC,,22.0,19.0,3.0,,14.0,8.0,
GAG,CAT,TTC,,4.0,,,,4.0,2.0,
GAG,GAT,TTC,2.0,8.0,10.0,,,16.0,5.0,
GAG,TAT,TTC,,6.0,3.0,,,4.0,2.0,2.0
GAG,TTT,TTC,,,2.0,,,,,
GAT,AAG,TTC,,4.0,3.0,,,2.0,,
GAT,AAT,ATC,3.0,9.0,15.0,,,3.0,6.0,2.0
GAT,AAT,CTC,,4.0,4.0,,,8.0,2.0,3.0
GAT,AAT,TAC,,5.0,9.0,,,3.0,6.0,5.0
GAT,AAT,TCC,,,2.0,,,,6.0,3.0
GAT,AAT,TTA,,6.0,15.0,,,12.0,11.0,7.0
GAT,AAT,TTC,1525.0,18162.0,20535.0,3977.0,1702.0,15728.0,21919.0,7518.0
GAT,AAT,TTT,,3.0,3.0,,,2.0,7.0,
GAT,AGT,TTC,,2.0,,,,,3.0,
GAT,ATT,TTC,,7.0,11.0,,,3.0,5.0,4.0
GAT,CAT,TTC,,,2.0,,,,,
GAT,GAT,TTC,,3.0,4.0,,,3.0,4.0,
GAT,TAT,TTC,,5.0,4.0,,,6.0,7.0,2.0
GCA,AAT,TTC,4.0,2.0,5.0,11.0,3.0,2.0,,8.0
GCA,GGG,TTC,,,2.0,,,,,
GCA,GGT,TTC,,2.0,,,,,,
GCC,AAG,TTC,,,,,,2.0,,
GCC,AAT,TTC,159.0,45.0,51.0,93.0,92.0,47.0,75.0,133.0
GCC,GAT,TTC,,,2.0,,,,2.0,
GCC,GGG,TTC,,,,,2.0,2.0,2.0,
GCC,GGT,TTC,,2.0,2.0,,,2.0,53.0,
GCC,TAT,TTC,,2.0,,,,,3.0,3.0
GCC,TGG,TTC,,,2.0,,,,,
GCC,TTG,TTC,,,2.0,,,,,
GCG,AAG,TTC,,,3.0,,,3.0,2.0,
GCG,AAT,ATC,2.0,,,3.0,,,,3.0
GCG,AAT,TAC,,,,2.0,,,2.0,2.0
GCG,AAT,TCC,,,,,2.0,,,
GCG,AAT,TTA,2.0,,,2.0,,,,4.0
GCG,AAT,TTC,4819.0,603.0,1959.0,3603.0,2894.0,588.0,2034.0,4882.0
GCG,AAT,TTT,,,2.0,,,,,
GCG,ACT,TTC,,,,,,,2.0,
GCG,AGT,TTC,2.0,,,,,,,3.0
GCG,ATG,TTC,,,,,,,2.0,
GCG,ATT,TTC,8.0,,2.0,2.0,,,,4.0
GCG,GAT,TTC,3.0,,,,,,,
GCG,TAG,TTC,,2.0,,,,,2.0,
GCG,TAT,TTC,,,,,,,2.0,
GCT,AAG,TTC,,,,2.0,,,3.0,
GCT,AAT,ATC,2.0,,,2.0,,,,
GCT,AAT,TAC,2.0,,2.0,,,,,
GCT,AAT,TCC,2.0,,,,,,,
GCT,AAT,TTA,3.0,,,,,,,
GCT,AAT,TTC,5773.0,463.0,1632.0,3059.0,2367.0,294.0,1457.0,3412.0
GCT,AAT,TTT,2.0,,,,,,,
GCT,ATT,TTC,,,2.0,,,,,3.0
GCT,GGG,TTC,,,,,,,2.0,
GCT,GGT,TTC,,,,,,2.0,,
GCT,TAG,TTC,,,,,,,3.0,
GCT,TAT,TTC,2.0,,3.0,,,,,2.0
GCT,TGT,TTC,,2.0,,,,3.0,,
GGA,AAT,TTC,9.0,,2.0,8.0,2.0,,,4.0
GGC,AAT,TTC,14.0,5.0,5.0,6.0,6.0,,9.0,16.0
GGG,AAT,ATC,,,3.0,3.0,,,,2.0
GGG,AAT,CTC,2.0,,,,,,,
GGG,AAT,TAC,,,,3.0,,,,2.0
GGG,AAT,TCC,,,,2.0,,,,2.0
GGG,AAT,TTA,5.0,,,2.0,3.0,,,3.0
GGG,AAT,TTC,5090.0,1000.0,1938.0,4513.0,2313.0,404.0,1796.0,4605.0
GGG,AGT,TTC,,,,2.0,,,,
GGG,ATT,TTC,7.0,,,,2.0,,,3.0
GGG,GAT,TTC,4.0,,,,,,,
GGG,TAT,TTC,,,,3.0,,,2.0,
GGT,AAT,ATC,,,2.0,2.0,,,2.0,
GGT,AAT,TAC,,,,2.0,,,,
GGT,AAT,TCC,,,,,,,,2.0
GGT,AAT,TTA,3.0,,,3.0,,,,4.0
GGT,AAT,TTC,4860.0,537.0,1223.0,4683.0,1440.0,306.0,1927.0,5173.0
GGT,AGT,TTC,,,,2.0,,,,
GGT,ATT,TTC,2.0,,,2.0,,,,3.0
GGT,GAT,TTC,,,,32.0,,,,
GGT,TAT,TTC,,,,,,,,2.0
GTA,AAT,TTC,,,,2.0,,,,2.0
GTC,AAT,TTC,7.0,,4.0,9.0,3.0,,,7.0
GTG,AAT,TAC,4.0,,,3.0,,,,3.0
GTG,AAT,TCC,2.0,2.0,,2.0,,,,
GTG,AAT,TTA,2.0,,,2.0,,,,4.0
GTG,AAT,TTC,4065.0,1054.0,984.0,4343.0,1972.0,174.0,1957.0,5143.0
GTG,AAT,TTT,2.0,,,,,,,
GTG,AGT,TTC,,,,,,,,2.0
GTG,ATT,TTC,4.0,,2.0,3.0,2.0,,,4.0
GTT,AAT,ATC,,,,2.0,,,,
GTT,AAT,TAC,3.0,,2.0,,,,,
GTT,AAT,TCC,,,,,,,,2.0
GTT,AAT,TTA,,,3.0,2.0,,,,5.0
GTT,AAT,TTC,1916.0,940.0,1966.0,2901.0,1489.0,560.0,587.0,3863.0
GTT,AAT,TTT,2.0,,,,,,,2.0
GTT,ATT,TTC,,,2.0,,,,3.0,
GTT,TAT,TTC,,,,,,,,2.0
TAA,AAT,TTC,,2.0,3.0,,,,2.0,
TAC,AAT,TTC,2.0,5.0,9.0,,,7.0,3.0,2.0
TAG,AAG,TTC,,2.0,,,,,,
TAG,AAT,ATC,,5.0,10.0,,,2.0,2.0,4.0
TAG,AAT,CTC,,,5.0,,,,3.0,
TAG,AAT,TAC,,5.0,3.0,2.0,,2.0,2.0,
TAG,AAT,TCC,,3.0,7.0,,,,5.0,
TAG,AAT,TTA,2.0,9.0,8.0,3.0,,8.0,11.0,4.0
TAG,AAT,TTC,1239.0,12851.0,17199.0,5583.0,1128.0,11188.0,11940.0,7725.0
TAG,AAT,TTG,,,2.0,,,,,
TAG,AAT,TTT,,4.0,5.0,,,4.0,2.0,
TAG,AGT,TTC,,,,,,,2.0,
TAG,ATT,TTC,,2.0,8.0,,,5.0,2.0,5.0
TAG,CAT,TTC,,,,,,2.0,,
TAG,GAT,TTC,,,,,,2.0,,
TAG,TAT,TTC,,,4.0,,,,,
TAT,AAT,TTC,1380.0,179.0,234.0,968.0,713.0,89.0,108.0,889.0
TCA,AAG,TTC,,2.0,,,,,,
TCA,AAT,TTC,2.0,,,3.0,3.0,,,2.0
TCA,CTG,TTC,,,,,,2.0,,
TCA,GAG,TTC,,2.0,,,,2.0,,
TCA,GAT,TTC,,,,,,,2.0,
TCA,GGG,TTC,,2.0,,,,2.0,,2.0
TCA,GGT,TTC,,,2.0,,,,3.0,
TCA,TAG,TTC,,,,,,3.0,3.0,
TCA,TAT,TTC,,,2.0,,,4.0,,
TCA,TGG,TTC,,2.0,,,,,,
TCA,TTG,TTC,,,2.0,,,,,
TCC,AAG,TTC,,3.0,2.0,,,2.0,4.0,
TCC,AAT,TTC,366.0,81.0,108.0,263.0,299.0,90.0,134.0,310.0
TCC,AGG,TTC,,,3.0,,,,3.0,
TCC,AGT,TTC,,2.0,,3.0,,,,5.0
TCC,ATG,TTC,,3.0,,,,,,
TCC,CAG,TTC,,,2.0,,,,,
TCC,CTG,TTC,,3.0,,,,,2.0,2.0
TCC,GAG,TTC,,2.0,,,,,,
TCC,GAT,TTC,,,,,,3.0,3.0,
TCC,GCT,TTC,,,,,,,2.0,
TCC,GGG,TTC,,,4.0,,,3.0,5.0,
TCC,GGT,TTC,,,3.0,,,2.0,5.0,
TCC,GTG,TTC,,,,,,,2.0,
TCC,GTT,TTC,,,2.0,,,,2.0,
TCC,TAT,TTC,,4.0,2.0,,2.0,,,
TCC,TGG,TTC,,2.0,2.0,,,,,
TCC,TGT,TTC,,2.0,,2.0,2.0,,2.0,2.0
TCC,TTG,TTC,,2.0,,,,,,
TCC,TTT,TTC,,,2.0,,,,,
TCG,AAT,CTC,,,,,,,,2.0
TCG,AAT,TAC,,,,2.0,,,,
TCG,AAT,TTA,3.0,,,,2.0,,,2.0
TCG,AAT,TTC,2102.0,177.0,107.0,2020.0,1820.0,195.0,582.0,2100.0
TCG,AGT,TTC,,,,2.0,,,,
TCG,ATT,TTC,,,,,3.0,,,3.0
TCG,CAG,TTC,,,,,,,2.0,
TCG,CAT,TTC,,,2.0,,,2.0,,
TCG,CTG,TTC,,,2.0,,,,,
TCG,GAG,TTC,,,4.0,,,2.0,,
TCG,GAT,TTC,,,,2.0,,2.0,,
TCG,GCG,TTC,,,2.0,,,,,
TCG,GGG,TTC,,2.0,,,,,3.0,
TCG,GGT,TTC,,,2.0,,,,,2.0
TCG,TAG,TTC,,4.0,,,,,,
TCG,TAT,TTC,,3.0,,,,,2.0,
TCG,TCG,TTC,,,,68.0,,,,
TCT,AAG,TTC,,,,,,,2.0,
TCT,AAT,TAC,2.0,,,,,,,
TCT,AAT,TTC,2080.0,78.0,389.0,1753.0,1112.0,346.0,429.0,1664.0
TCT,AGT,TTC,,,2.0,,,,,
TCT,CAT,TTC,,2.0,,,,,,
TCT,CCG,TTC,,,,,,,3.0,
TCT,GAG,TTC,,,,,,,,42.0
TCT,GAT,TTC,,,,,,,2.0,
TCT,GGG,TTC,,2.0,3.0,,,,,
TCT,GGT,TTC,,,2.0,,,4.0,,
TCT,TGG,TTC,,,,,,,3.0,
TCT,TGT,TTC,,,,,,,2.0,
TGA,AAT,TTC,2.0,,,,,,,2.0
TGC,AAT,TTC,8.0,,5.0,3.0,5.0,6.0,8.0,4.0
TGG,AAT,ATC,,,,,,3.0,,
TGG,AAT,CTC,2.0,,,,,3.0,,
TGG,AAT,TAC,,2.0,,,,2.0,2.0,4.0
TGG,AAT,TTA,2.0,2.0,3.0,,,2.0,,2.0
TGG,AAT,TTC,4469.0,5057.0,5329.0,2828.0,3768.0,4372.0,5041.0,4303.0
TGG,AAT,TTT,,,,,,,,2.0
TGG,AGT,TTC,2.0,2.0,,,,,,
TGG,ATT,TTC,3.0,2.0,6.0,2.0,,2.0,7.0,3.0
TGG,GAT,TTC,3.0,,,,,,,
TGG,TAT,TTC,,,2.0,2.0,,,,
TGT,AAT,ATC,2.0,,,,,,,
TGT,AAT,TTC,955.0,182.0,323.0,1516.0,661.0,321.0,517.0,1597.0
TGT,AAT,TTG,,,,,2.0,,,
TGT,ATT,TTC,2.0,,,,,,,3.0
TTA,AAT,TTC,2.0,,,,3.0,,,
TTG,AAT,TTC,895.0,17.0,73.0,832.0,1252.0,10.0,258.0,833.0
TTT,AAT,TTA,,,,,,,,2.0
TTT,AAT,TTC,1471.0,60.0,347.0,1371.0,495.0,135.0,233.0,1507.0
